2013 12 10 	12711
2013 12 11 	9990
2013 12 12 	9875
2013 12 14 	3268
2013 12 15 	9310
2013 12 16 	8991
2013 12 17 	9764
2013 12 18 	10477
2013 12 19 	8487
2013 12 20 	8011
2013 12 21 	8034
2013 12 22 	6589
2013 12 23 	8332
2013 12 24 	7906
2013 12 25 	5571
2013 12 26 	9479
2013 12 27 	7346
2013 12 28 	7669
2013 12 29 	8474
2013 12 30 	8251
2013 12 3 	349
2013 12 31 	12463
2013 12 4 	11915
2013 12 5 	14177
2013 12 6 	12163
2013 12 7 	10087
2013 12 8 	8283
2013 12 9 	9999
2014 1 10 	9267
2014 1 1 	5915
2014 1 11 	7926
2014 1 12 	8128
2014 1 13 	12703
2014 1 14 	10992
2014 1 15 	19901
2014 1 16 	10203
2014 1 17 	9665
2014 1 18 	8310
2014 1 19 	10544
2014 1 20 	9658
2014 1 2 	8951
2014 1 21 	9505
2014 1 22 	13343
2014 1 23 	5345
2014 1 24 	6970
2014 1 25 	10635
2014 1 26 	9500
2014 1 27 	9316
2014 1 28 	10130
2014 1 29 	17328
2014 1 30 	11232
2014 1 3 	9202
2014 1 31 	2950
2014 1 4 	8170
2014 1 5 	7659
2014 1 6 	8463
2014 1 7 	10025
2014 1 8 	8340
2014 1 9 	8579
2014 2 10 	9167
2014 2 1 	8378
2014 2 11 	10740
2014 2 12 	11161
2014 2 13 	9535
2014 2 14 	8824
2014 2 15 	9596
2014 2 16 	7866
2014 2 17 	7906
2014 2 18 	8733
2014 2 19 	9741
2014 2 20 	10406
2014 2 2 	21236
2014 2 21 	8869
2014 2 22 	7386
2014 2 23 	7641
2014 2 24 	9705
2014 2 25 	9750
2014 2 26 	20231
2014 2 27 	25289
2014 2 28 	24804
2014 2 3 	12583
2014 2 4 	8693
2014 2 5 	6764
2014 2 6 	6085
2014 2 7 	6125
2014 2 8 	5720
2014 2 9 	7297
2014 3 10 	20501
2014 3 1 	26671
2014 3 11 	17339
2014 3 12 	19883
2014 3 13 	22103
2014 3 14 	19337
2014 3 15 	17659
2014 3 16 	14702
2014 3 17 	19170
2014 3 18 	16935
2014 3 19 	10329
2014 3 20 	8543
2014 3 2 	21235
2014 3 21 	9120
2014 3 3 	39588
2014 3 4 	15216
2014 3 5 	21230
2014 3 6 	23516
2014 3 7 	22573
2014 3 8 	22849
2014 3 9 	30226
